11 1 2 3 4 5 6 7 8 9 10
21 1 2 3 4 5 6 7 8 9 10
41 1 2 3 4 5 6 7 8 9 10
51 1 2 3 4 5 6 7 8 9 10
61 1 2 3 4 5 6 7 8 9 10
71 1 2 3 4 5 6 7 8 9 10
81 1 2 3 4 5 6 7 8 9 10
91 1 2 3 4 5 6 7 8 9 10
12 1 2 3 4 5 6 7 8 9 10
13 1 2 3 4 5 6 7 8 9 10
11 1 2 3 4 5 6 7 8 9 10
21 1 2 3 4 5 6 7 8 9 10
41 1 2 3 4 5 6 7 8 9 10
51 1 2 3 4 5 6 7 8 9 10
61 1 2 3 4 5 6 7 8 9 10
71 1 2 3 4 5 6 7 8 9 10
81 1 2 3 4 5 6 7 8 9 10
91 1 2 3 4 5 6 7 8 9 10
12 1 2 3 4 5 6 7 8 9 10
13 1 2 3 4 5 6 7 8 9 10
11 1 2 3 4 5 6 7 8 9 10
21 1 2 3 4 5 6 7 8 9 10
41 1 2 3 4 5 6 7 8 9 10
51 1 2 3 4 5 6 7 8 9 10
61 1 2 3 4 5 6 7 8 9 10
71 1 2 3 4 5 6 7 8 9 10
81 1 2 3 4 5 6 7 8 9 10
91 1 2 3 4 5 6 7 8 9 10
12 1 2 3 4 5 6 7 8 9 10
13 1 2 3 4 5 6 7 8 9 10
11 1 2 3 4 5 6 7 8 9 10
21 1 2 3 4 5 6 7 8 9 10
41 1 2 3 4 5 6 7 8 9 10
51 1 2 3 4 5 6 7 8 9 10
61 1 2 3 4 5 6 7 8 9 10
71 1 2 3 4 5 6 7 8 9 10
81 1 2 3 4 5 6 7 8 9 10
91 1 2 3 4 5 6 7 8 9 10
12 1 2 3 4 5 6 7 8 9 10
13 1 2 3 4 5 6 7 8 9 10
11 1 2 3 4 5 6 7 8 9 10
21 1 2 3 4 5 6 7 8 9 10
41 1 2 3 4 5 6 7 8 9 10
51 1 2 3 4 5 6 7 8 9 10
61 1 2 3 4 5 6 7 8 9 10
71 1 2 3 4 5 6 7 8 9 10
81 1 2 3 4 5 6 7 8 9 10
91 1 2 3 4 5 6 7 8 9 10
12 1 2 3 4 5 6 7 8 9 10
13 1 2 3 4 5 6 7 8 9 10
11 1 2 3 4 5 6 7 8 9 10
21 1 2 3 4 5 6 7 8 9 10
41 1 2 3 4 5 6 7 8 9 10
51 1 2 3 4 5 6 7 8 9 10
61 1 2 3 4 5 6 7 8 9 10
71 1 2 3 4 5 6 7 8 9 10
81 1 2 3 4 5 6 7 8 9 10
91 1 2 3 4 5 6 7 8 9 10
12 1 2 3 4 5 6 7 8 9 10
13 1 2 3 4 5 6 7 8 9 10
11 1 2 3 4 5 6 7 8 9 10
21 1 2 3 4 5 6 7 8 9 10
41 1 2 3 4 5 6 7 8 9 10
51 1 2 3 4 5 6 7 8 9 10
61 1 2 3 4 5 6 7 8 9 10
71 1 2 3 4 5 6 7 8 9 10
81 1 2 3 4 5 6 7 8 9 10
91 1 2 3 4 5 6 7 8 9 10
12 1 2 3 4 5 6 7 8 9 10
13 1 2 3 4 5 6 7 8 9 10
11 1 2 3 4 5 6 7 8 9 10
21 1 2 3 4 5 6 7 8 9 10
41 1 2 3 4 5 6 7 8 9 10
51 1 2 3 4 5 6 7 8 9 10
61 1 2 3 4 5 6 7 8 9 10
71 1 2 3 4 5 6 7 8 9 10
81 1 2 3 4 5 6 7 8 9 10
91 1 2 3 4 5 6 7 8 9 10
12 1 2 3 4 5 6 7 8 9 10
13 1 2 3 4 5 6 7 8 9 10
11 1 2 3 4 5 6 7 8 9 10
21 1 2 3 4 5 6 7 8 9 10
41 1 2 3 4 5 6 7 8 9 10
51 1 2 3 4 5 6 7 8 9 10
61 1 2 3 4 5 6 7 8 9 10
71 1 2 3 4 5 6 7 8 9 10
81 1 2 3 4 5 6 7 8 9 10
91 1 2 3 4 5 6 7 8 9 10
12 1 2 3 4 5 6 7 8 9 10
13 1 2 3 4 5 6 7 8 9 10
11 1 2 3 4 5 6 7 8 9 10
21 1 2 3 4 5 6 7 8 9 10
41 1 2 3 4 5 6 7 8 9 10
51 1 2 3 4 5 6 7 8 9 10
61 1 2 3 4 5 6 7 8 9 10
71 1 2 3 4 5 6 7 8 9 10
81 1 2 3 4 5 6 7 8 9 10
91 1 2 3 4 5 6 7 8 9 10
12 1 2 3 4 5 6 7 8 9 10
13 1 2 3 4 5 6 7 8 9 10